     0/499        0G    0.1156   0.01442   0.07563    0.2056         8       320         0         0         0         0    0.1107   0.01323   0.07034
     1/499        0G     0.113   0.01585   0.07469    0.2035         8       320         0         0         0         0      0.11   0.01337   0.07052
     2/499        0G    0.1195   0.01502   0.07509    0.2096         9       320         0         0         0         0    0.1087   0.01363   0.07069
     3/499        0G     0.115    0.0199   0.07483    0.2098        12       320 0.0009478      0.05 9.594e-05 1.919e-05     0.108   0.01391   0.07063
     4/499        0G     0.114   0.02016   0.07535    0.2095        13       320 0.0007236      0.05 0.0001442 2.883e-05    0.1071    0.0142   0.07048
     5/499        0G    0.1109   0.01825   0.07436    0.2035         9       320  0.001983      0.05 0.0001966 3.932e-05    0.1055   0.01461   0.07034
     6/499        0G    0.1077   0.01945   0.07474    0.2019        11       320  0.001754      0.05 0.0001735 3.469e-05    0.1036    0.0151   0.07031
     7/499        0G    0.1045   0.01748   0.07271    0.1947         6       320 0.0005691      0.05  0.000124 2.481e-05    0.1023   0.01536   0.07018
     8/499        0G    0.1057    0.0193   0.07124    0.1963         8       320  0.000553      0.05 6.044e-05 6.044e-06    0.1013   0.01553   0.07002
     9/499        0G    0.1041   0.02687   0.07241    0.2034        16       320         0         0         0         0    0.1012   0.01564   0.06984
    10/499        0G    0.1064   0.01993   0.07147    0.1978         7       320 0.0007174       0.1 0.0001471 1.471e-05    0.1007   0.01576   0.06959
    11/499        0G   0.09493   0.02285   0.07151    0.1893         7       320  0.001363       0.2 0.0005533 6.967e-05    0.1001   0.01593   0.06939
    12/499        0G   0.09949   0.02427   0.07272    0.1965        12       320  0.002268      0.35  0.001603 0.0002598   0.09982   0.01605   0.06904
    13/499        0G   0.09358   0.02389   0.06978    0.1872        10       320   0.00221      0.35  0.001756 0.0002666   0.09934   0.01607   0.06862
    14/499        0G   0.09242   0.02464   0.06977    0.1868         9       320  0.002132      0.35  0.001771 0.0002739   0.09866   0.01612   0.06816
    15/499        0G    0.0977   0.02288   0.06892    0.1895         9       320  0.002317       0.4  0.001957 0.0003956   0.09868   0.01609    0.0679
    16/499        0G   0.09614   0.01788   0.06704    0.1811         5       320  0.002833       0.5  0.002905 0.0005281   0.09781   0.01609   0.06746
    17/499        0G   0.08567   0.02655   0.06739    0.1796         9       320  0.002307       0.4  0.002081 0.0004364   0.09743   0.01603   0.06644
    18/499        0G   0.09221   0.02667   0.06731    0.1862        10       320  0.002624      0.45  0.002794 0.0005201   0.09722   0.01599   0.06584
    19/499        0G   0.08931    0.0248   0.06661    0.1807         9       320  0.003425      0.45  0.002271 0.0005338   0.09757   0.01591   0.06546
    20/499        0G    0.0933   0.02259   0.06318    0.1791         6       320  0.003533      0.45   0.00252 0.0006237   0.09712    0.0159   0.06524
    21/499        0G   0.09412   0.03107   0.06527    0.1904        14       320  0.003452      0.45  0.002499 0.0006491   0.09692   0.01589   0.06508
    22/499        0G   0.09259   0.02794   0.06586    0.1864        12       320    0.0037       0.5  0.003051 0.0007251   0.09669   0.01584   0.06499
    23/499        0G    0.0844   0.02462   0.06409    0.1731         8       320  0.005093      0.05  0.004971  0.001075   0.09614   0.01587   0.06503
    24/499        0G    0.0874   0.02538   0.06347    0.1763        10       320  0.005713      0.05  0.005538  0.001103   0.09581   0.01592   0.06482
    25/499        0G   0.09024   0.02341   0.06254    0.1762         9       320   0.00442       0.4  0.004778 0.0009196   0.09607   0.01585   0.06457
    26/499        0G   0.08587    0.0236   0.06246    0.1719         8       320  0.002296       0.2  0.001555 0.0003111   0.09676   0.01576   0.06429
    27/499        0G   0.07923   0.02619   0.06144    0.1669         9       320  0.001476      0.25 0.0009043 0.0001817   0.09748   0.01567   0.06391
    28/499        0G   0.08837   0.02638   0.06047    0.1752        10       320  0.001664      0.15  0.001282 0.0001688   0.09778   0.01559   0.06351
    29/499        0G   0.08012   0.02614   0.05909    0.1653         8       320  0.001231       0.2 0.0006032 6.826e-05   0.09892   0.01548   0.06311
    30/499        0G   0.07656   0.02022    0.0579    0.1547         4       320  0.002293      0.25 0.0007354 0.0001021   0.09915   0.01537   0.06274
    31/499        0G   0.08028   0.02262    0.0569    0.1598        10       320  0.001985       0.2 0.0005295 7.336e-05   0.09971   0.01527   0.06233
    32/499        0G   0.08065    0.0298   0.05701    0.1675        10       320   0.00222      0.25 0.0006414 7.153e-05    0.1002   0.01516     0.062
    33/499        0G   0.08281   0.02682   0.05719    0.1668         7       320  0.001184       0.2 0.0005813 5.813e-05    0.1016   0.01498   0.06166
    34/499        0G   0.08008   0.02685   0.05596    0.1629         9       320   0.00175       0.2 0.0005324 7.239e-05    0.1026   0.01483   0.06135
    35/499        0G   0.07684    0.0263   0.05293    0.1561         7       320  0.001736       0.2   0.00068  9.16e-05    0.1025   0.01472   0.06097
    36/499        0G   0.07127   0.02507   0.05305    0.1494         7       320  0.001888      0.15 0.0009331 0.0001072    0.1033    0.0146   0.06061
    37/499        0G   0.07548   0.02487   0.05136    0.1517         7       320  0.003655       0.1  0.001506 0.0002119    0.1033   0.01449   0.06038
    38/499        0G    0.0729   0.02702   0.05291    0.1528        10       320  0.003992       0.1  0.001093 0.0001499    0.1045   0.01422   0.05999
    39/499        0G   0.07068   0.02991   0.05195    0.1525         8       320  0.006468      0.05  0.001629 0.0001983    0.1041   0.01417   0.05985
    40/499        0G   0.07789   0.03312    0.0514    0.1624        14       320   0.02257      0.05  0.007779 0.0007779    0.1053   0.01397   0.05952
    41/499        0G   0.06735   0.02269   0.05098     0.141         7       320    0.5643      0.05   0.01187   0.00128    0.1053   0.01379   0.05937
    42/499        0G   0.06738   0.03183   0.05041    0.1496         9       320   0.02251      0.05   0.01249  0.002376    0.1047    0.0139   0.05932
    43/499        0G    0.0693   0.02326   0.04956    0.1421         9       320   0.03066      0.05  0.007672  0.001535    0.1051   0.01382   0.05947
    44/499        0G   0.06824   0.03152   0.04712    0.1469        10       320   0.00692      0.05  0.004563 0.0007735    0.1048   0.01383   0.05947
    45/499        0G   0.07192   0.03409     0.047     0.153        12       320  0.003591      0.65  0.003137 0.0006031    0.1048   0.01397   0.05964
    46/499        0G   0.06224   0.02862   0.04555    0.1364         9       320   0.00434       0.1  0.001552 0.0002631    0.1043   0.01395   0.05998
    47/499        0G   0.06619   0.02806   0.04618    0.1404        10       320  0.003914       0.1  0.001781 0.0002874    0.1038   0.01397   0.06027
    48/499        0G   0.06129   0.02728   0.04406    0.1326         8       320    0.0194      0.05  0.003734 0.0007454    0.1026   0.01416   0.06007
    49/499        0G   0.06441   0.03089    0.0447      0.14        12       320   0.04003      0.05  0.005812  0.001221    0.1011   0.01426   0.05964
    50/499        0G   0.06179   0.02755    0.0441    0.1334         9       320   0.04574   0.08123   0.01601  0.002747   0.09991   0.01418    0.0591
    51/499        0G   0.06236   0.02312   0.04204    0.1275         7       320       0.5   0.09899    0.1247   0.01756   0.09908   0.01419   0.05856
    52/499        0G   0.06003   0.02856   0.04381    0.1324         9       320    0.2056      0.15    0.1524   0.03482   0.09835   0.01421    0.0579
    53/499        0G   0.06128   0.03068   0.04237    0.1343        11       320    0.3304    0.1955    0.2274   0.05937   0.09558   0.01433   0.05652
    54/499        0G   0.05988   0.02302   0.04025    0.1231         6       320    0.2968    0.2929    0.2624   0.08206   0.09336   0.01426   0.05513
    55/499        0G   0.06275   0.02696   0.04287    0.1326         8       320    0.3284       0.3    0.2982   0.08857   0.09176   0.01427   0.05376
    56/499        0G   0.05688   0.02912   0.03883    0.1248        10       320    0.4125      0.25    0.3201   0.08461   0.09042   0.01424   0.05266
    57/499        0G   0.05977   0.02567   0.03944    0.1249         9       320    0.4351    0.3368     0.395   0.07698   0.09051   0.01409    0.0512
    58/499        0G   0.05633   0.01971   0.03831    0.1143         5       320    0.4232       0.3    0.3774   0.07048   0.09086   0.01365   0.04993
    59/499        0G   0.06153   0.03357    0.0394    0.1345        15       320    0.3407    0.4286     0.437   0.07565   0.08598   0.01402   0.04881
    60/499        0G   0.05818   0.02934   0.03844     0.126        11       320    0.2895    0.3443    0.3612   0.06613    0.0859   0.01361   0.04776
    61/499        0G   0.05827   0.02875   0.03919    0.1262        11       320    0.4039      0.45    0.5058   0.09103   0.08197   0.01387   0.04664
    62/499        0G   0.05516   0.02203    0.0368     0.114         6       320    0.2579       0.7    0.4387   0.08046   0.08353   0.01312   0.04532
    63/499        0G   0.06516   0.01909   0.03787    0.1221         7       320    0.3382       0.8    0.5537    0.1133   0.07904   0.01339   0.04378
    64/499        0G   0.06269   0.02616   0.03826    0.1271        11       320    0.3447       0.7     0.454   0.09261   0.08319   0.01265   0.04276
    65/499        0G   0.05706   0.02191   0.03766    0.1166         8       320    0.3954      0.75    0.5859    0.1358   0.08093   0.01276   0.04199
    66/499        0G   0.05901    0.0196   0.03847    0.1171         6       320    0.4424    0.6948    0.4995    0.1043    0.0809   0.01232   0.04067
    67/499        0G   0.05363   0.01965   0.03481    0.1081         8       320    0.4999       0.8    0.5782     0.179   0.07709   0.01243   0.03968
    68/499        0G   0.05601   0.02143    0.0379    0.1153         9       320    0.3155       0.7    0.3507   0.07463   0.07471   0.01246   0.03898
    69/499        0G    0.0611    0.0206   0.03528     0.117         9       320    0.3482      0.75    0.4385   0.09965   0.07491   0.01188   0.03778
    70/499        0G   0.06339   0.02008   0.03624    0.1197        11       320    0.3201      0.65    0.3618   0.09014   0.07244   0.01218   0.03757
    71/499        0G   0.05774   0.02245   0.03776    0.1179         8       320    0.4655    0.6897     0.649     0.177   0.06871   0.01213   0.03693
    72/499        0G   0.05919    0.0276   0.03615    0.1229        14       320    0.3688    0.7515    0.4433    0.1437   0.06695   0.01214   0.03651
    73/499        0G   0.05602    0.0185   0.03676    0.1113         9       320    0.4099      0.95    0.6248    0.1956   0.06378   0.01188   0.03588
    74/499        0G   0.05342   0.02243   0.03549    0.1113         9       320    0.4306    0.8347    0.5687    0.1429   0.05838   0.01234   0.03528
    75/499        0G   0.05905   0.01886   0.03466    0.1126         8       320    0.4288    0.6493    0.4654    0.1341   0.06023   0.01179   0.03463
    76/499        0G   0.05268   0.01819   0.03578    0.1067         6       320    0.3928      0.65    0.4595   0.09989   0.05846   0.01188   0.03427
    77/499        0G   0.05863   0.02397   0.03437     0.117        12       320    0.4755    0.7976    0.6173    0.1827   0.05601   0.01168   0.03399
    78/499        0G   0.05577    0.0191   0.03435    0.1092         8       320     0.295       0.7    0.3076   0.06273   0.06537    0.0112   0.03388
    79/499        0G   0.05859   0.02459   0.03506    0.1182        12       320    0.3725    0.9202    0.5584    0.2319   0.04963   0.01182   0.03345
    80/499        0G   0.05503   0.01833   0.03403    0.1074         8       320    0.4622    0.8996    0.4972    0.1093   0.05434   0.01155    0.0333
    81/499        0G   0.05321   0.01726   0.03302    0.1035         8       320    0.4993    0.7442    0.5672    0.2435    0.0526   0.01129   0.03291
    82/499        0G   0.05683   0.01727   0.03463    0.1087         8       320    0.4449       0.7    0.4414    0.1051   0.05435    0.0113   0.03249
    83/499        0G   0.05435   0.02211   0.03302    0.1095        12       320    0.5287    0.6459    0.6006    0.2206    0.0443   0.01171   0.03237
    84/499        0G   0.05475   0.02548   0.03498    0.1152        12       320    0.4932      0.75    0.5515    0.2546    0.0468   0.01133   0.03222
    85/499        0G   0.05245    0.0203   0.03391    0.1067        10       320    0.5101    0.6763    0.5632    0.1479   0.04168    0.0116   0.03205
    86/499        0G   0.05852   0.01668     0.034    0.1092         6       320    0.5812    0.7514    0.6278    0.2688   0.04869   0.01122   0.03197
    87/499        0G   0.06324   0.01702   0.03577     0.116         8       320    0.4667       0.7    0.5287    0.2018   0.04914   0.01117   0.03175
    88/499        0G   0.05657   0.01807    0.0329    0.1075         9       320    0.6658    0.7214    0.6678    0.2747   0.04382   0.01132   0.03157
    89/499        0G   0.05971   0.01416   0.03373    0.1076         7       320    0.2397       0.9     0.445    0.1181   0.06144    0.0107   0.03173
    90/499        0G   0.05586   0.01736   0.03347    0.1067         8       320    0.4294    0.8923    0.5735    0.2234   0.04701   0.01123   0.03151
    91/499        0G   0.05131   0.01676   0.03321    0.1013         7       320    0.5519      0.75    0.6113    0.1864   0.04581   0.01127   0.03141
    92/499        0G   0.05186   0.02091   0.03238    0.1051         9       320    0.3843    0.8697    0.5087    0.2094   0.04233    0.0114   0.03126
    93/499        0G   0.05671   0.02358   0.03334    0.1136        14       320    0.3804       0.7    0.5319    0.1794   0.04494   0.01121   0.03118
    94/499        0G    0.0497   0.01848   0.03307    0.1012         9       320    0.4606      0.95     0.607    0.3075   0.04433   0.01105   0.03108
    95/499        0G   0.05689   0.01971   0.03147    0.1081        11       320    0.2177      0.95    0.4092   0.08719   0.05392   0.01075   0.03103
    96/499        0G   0.05006   0.01671   0.03237   0.09913         7       320     0.461         1    0.6981     0.278   0.03692   0.01111   0.03077
    97/499        0G   0.04745   0.02002   0.03309    0.1006        10       320    0.4664       0.9    0.6739    0.2679   0.04035   0.01092   0.03064
    98/499        0G   0.04987   0.01814   0.03179    0.0998        11       320    0.4291    0.9927     0.673    0.3072   0.03961   0.01079   0.03045
    99/499        0G   0.04842   0.01964   0.03165   0.09971        10       320    0.4947    0.9982    0.7057    0.2497   0.04275   0.01077   0.03048
   100/499        0G   0.05395   0.01836   0.03109    0.1034        11       320    0.4323    0.3999    0.4839    0.1127   0.05423   0.01041    0.0304
   101/499        0G   0.05591    0.0167    0.0325    0.1051         6       320    0.3232      0.95    0.6124     0.214   0.04182   0.01067   0.03015
   102/499        0G    0.0555   0.02538    0.0332    0.1141        13       320    0.3465         1    0.6101    0.2022   0.04175   0.01062   0.02993
   103/499        0G   0.05954   0.01535   0.03283    0.1077         8       320     0.538    0.8448     0.726    0.2464   0.04604   0.01037   0.02983
   104/499        0G   0.05327   0.01635   0.03248    0.1021         8       320    0.5354    0.8424     0.644    0.3672   0.03809   0.01055   0.02965
   105/499        0G   0.05426    0.0223     0.033    0.1096        14       320    0.4762      0.85    0.6573    0.2963   0.04102   0.01026    0.0295
   106/499        0G   0.05291   0.02121   0.03283    0.1069        12       320     0.569      0.85    0.7187    0.3102   0.04379   0.01017   0.02945
   107/499        0G   0.04586   0.01449   0.03148   0.09182         4       320    0.5634    0.8322    0.6988    0.3239   0.03685   0.01017   0.02937
   108/499        0G   0.05261   0.01441    0.0317   0.09872         6       320    0.6419    0.8801    0.7462     0.357   0.04252   0.01009   0.02934
   109/499        0G   0.05702   0.01758   0.03251    0.1071        11       320    0.3751    0.5938    0.5212    0.1191   0.05027  0.009889   0.02939
   110/499        0G   0.05742   0.01658   0.03338    0.1074         9       320    0.6009    0.8217    0.7245    0.2964   0.03805    0.0101   0.02935
   111/499        0G   0.04726   0.01854   0.02963   0.09544         8       320    0.4924      0.85    0.6761    0.2576   0.04039   0.01004   0.02928
   112/499        0G   0.05083   0.01546   0.03121    0.0975         7       320    0.5076      0.85    0.6792    0.2428   0.04193  0.009917   0.02922
   113/499        0G   0.05428   0.01538   0.03236     0.102         7       320    0.5562      0.85    0.7379    0.4021   0.03631   0.01001   0.02918
   114/499        0G   0.04975   0.01457   0.03029   0.09461         6       320    0.4499    0.9159    0.6878    0.2227   0.04206  0.009879    0.0292
   115/499        0G   0.05003   0.01854   0.03223    0.1008        11       320    0.4811       0.8     0.663    0.4035   0.04221  0.009689     0.029
   116/499        0G   0.05686   0.01479   0.03177    0.1034         9       320     0.263       0.8       0.3   0.05413   0.06208  0.009448    0.0299
   117/499        0G   0.05954   0.01662   0.03206    0.1082        10       320    0.4615    0.9965    0.6833    0.2536   0.04937  0.009727   0.02984
   118/499        0G   0.05367   0.02117   0.03171    0.1066        13       320    0.4136         1    0.6734    0.3274    0.0464  0.009733   0.02977
   119/499        0G   0.05404   0.01589   0.03076    0.1007         9       320    0.4162         1    0.6543    0.1699   0.05349   0.00956    0.0301
   120/499        0G   0.04974   0.01619    0.0299   0.09583         7       320     0.457         1     0.689    0.3318   0.04377  0.009687   0.03019
   121/499        0G   0.04603   0.02007   0.03013   0.09623        12       320    0.4115    0.9457    0.6811    0.2994   0.04368  0.009735   0.03006
   122/499        0G   0.04918   0.01581   0.03141    0.0964         8       320    0.4808         1    0.6963    0.3343   0.04337  0.009635   0.02947
   123/499        0G   0.04661   0.01977   0.02975   0.09613        11       320    0.4009    0.9275    0.6589    0.3118   0.04153  0.009656   0.02868
   124/499        0G    0.0529   0.01527    0.0311   0.09927         8       320    0.5072         1    0.7194    0.3099   0.03951   0.00962   0.02837
   125/499        0G   0.05023   0.01929   0.03122    0.1007        12       320    0.4961    0.9338    0.7159    0.3797   0.03632  0.009613   0.02802
   126/499        0G   0.04889   0.01255   0.02888   0.09033         3       320       0.6      0.75     0.709    0.2212   0.04598  0.009314   0.02801
   127/499        0G   0.05454   0.02049   0.03055    0.1056        12       320    0.6381      0.85      0.74     0.357    0.0381  0.009447   0.02778
   128/499        0G   0.04529   0.01654   0.02912   0.09095        11       320    0.7495    0.8496    0.7486    0.2859   0.04088  0.009331   0.02764
   129/499        0G   0.04755   0.01409   0.02947   0.09111         7       320    0.5306    0.7482    0.6335    0.1542   0.04654  0.009237   0.02759
   130/499        0G   0.05869   0.01516   0.02843    0.1023         6       320    0.4794       0.7    0.6508     0.194    0.0505  0.009074   0.02728
   131/499        0G   0.05926   0.01518   0.02874    0.1032        10       320    0.7466      0.85    0.7618    0.3886    0.0363  0.009347   0.02742
   132/499        0G    0.0494   0.01803   0.02837    0.0958        11       320    0.6831    0.7427    0.7057    0.2091   0.04536  0.009106   0.02721
   133/499        0G   0.05388   0.02018   0.03036    0.1044        14       320    0.6606    0.9883     0.739    0.3036   0.03657   0.00933   0.02701
   134/499        0G   0.05094   0.01409   0.02846   0.09349         7       320    0.5533    0.7935     0.665    0.2218   0.04675  0.009093   0.02684
   135/499        0G   0.05006   0.01653   0.02935   0.09594         9       320    0.7224      0.95    0.7728    0.4092   0.03628  0.009307    0.0266
   136/499        0G   0.04807   0.01717   0.03244   0.09767         8       320    0.7317       0.9     0.776    0.4602   0.03491  0.009215    0.0264
   137/499        0G   0.04467   0.01494   0.02753   0.08714         9       320    0.8332    0.7299    0.7923    0.2831   0.04119  0.009063   0.02623
   138/499        0G    0.0448    0.0138   0.02796   0.08655         6       320    0.7131      0.85    0.8058    0.4197   0.03698  0.009179   0.02595
   139/499        0G   0.05143   0.01339   0.02999   0.09482         9       320    0.5743    0.9992    0.7171    0.2477   0.04602  0.008868   0.02586
   140/499        0G   0.05204   0.01339   0.02784   0.09326         8       320    0.7994       0.9    0.8389    0.2488   0.05214  0.008732   0.02563
   141/499        0G    0.0512   0.01328   0.02908   0.09355         7       320    0.7648       0.9    0.8611    0.4943   0.03241  0.009268   0.02532
   142/499        0G   0.04525   0.01659   0.02652   0.08836         9       320    0.7718    0.7971    0.8204    0.2274   0.03655  0.009295   0.02505
   143/499        0G   0.04295   0.01841   0.02688   0.08824        10       320     0.759    0.9333    0.8734     0.575   0.03384  0.009118   0.02468
   144/499        0G   0.04912   0.01503   0.02549   0.08964         7       320     0.602    0.7491    0.6734    0.1329   0.04045  0.009027    0.0244
   145/499        0G   0.04582   0.01841    0.0266   0.09083         9       320    0.8256      0.85     0.874    0.4128   0.03601  0.008966   0.02408
   146/499        0G   0.04689   0.01628   0.02646   0.08963         9       320    0.8825     0.839    0.8839    0.5082   0.03828  0.008854   0.02339
   147/499        0G   0.04943   0.01812   0.02698   0.09453        11       320    0.7649    0.9953    0.9069     0.528   0.03857  0.008846   0.02283
   148/499        0G    0.0452   0.01591   0.02676   0.08787         9       320    0.7464    0.9964     0.904    0.3859   0.03705  0.008867   0.02237
   149/499        0G   0.04689    0.0156   0.02537   0.08787         9       320    0.7123     0.948    0.8908    0.3462   0.04457  0.008691   0.02213
   150/499        0G   0.05008   0.01429   0.02608   0.09045         8       320    0.8447    0.8666    0.9437    0.4347   0.04059   0.00885   0.02124
   151/499        0G   0.04955   0.01975   0.02705   0.09635        14       320    0.8372         1    0.9447    0.5807    0.0349  0.008793   0.02066
   152/499        0G   0.05327   0.01535   0.02591   0.09454         8       320    0.7635    0.9463    0.9193    0.4641   0.04899  0.008687    0.0201
   153/499        0G   0.05697   0.01791   0.02776    0.1026        11       320    0.8795    0.9422    0.9526    0.6025   0.03173   0.00897   0.01999
   154/499        0G   0.04691   0.01247   0.02583   0.08521         5       320    0.7986    0.9997    0.9457    0.5111   0.04068  0.008773   0.01965
   155/499        0G   0.04931    0.0171   0.02571   0.09213         9       320    0.9029      0.95    0.9612    0.6341   0.03708  0.008799   0.01887
   156/499        0G   0.04706   0.01484   0.02228   0.08419         8       320    0.9344    0.8155     0.926    0.3633   0.04416  0.008692    0.0184
   157/499        0G   0.05308   0.01433   0.02269    0.0901         9       320    0.8499    0.8497    0.9093    0.3644    0.0375  0.008993   0.01797
   158/499        0G   0.04576   0.01384   0.02173   0.08134         6       320    0.9074    0.9857    0.9814    0.4807   0.03593   0.00888   0.01787
   159/499        0G   0.04919   0.01874   0.02238   0.09032        11       320    0.7781    0.8984    0.9025    0.4443   0.04102  0.008725   0.01753
   160/499        0G   0.05249    0.0165   0.02143   0.09042        11       320    0.9865    0.9485    0.9905    0.4552   0.04206  0.008706   0.01713
   161/499        0G   0.04755   0.01858   0.02201   0.08814        14       320    0.9544    0.8352    0.9412     0.511   0.03849  0.008757   0.01626
   162/499        0G   0.04752   0.01806   0.02466   0.09024        10       320    0.8696    0.9793    0.9769     0.496   0.03775  0.008871   0.01581
   163/499        0G   0.04839   0.01424   0.02225   0.08487         7       320    0.8331         1    0.9814    0.6021   0.04068  0.008708   0.01608
   164/499        0G   0.04849   0.01348    0.0238   0.08576         7       320    0.9693         1    0.9951    0.6238   0.03145  0.008819    0.0153
   165/499        0G   0.04334   0.01354   0.01832   0.07519         4       320    0.7928         1    0.9699    0.6419   0.03597  0.008573   0.01469
   166/499        0G   0.04328   0.01607   0.01925    0.0786         9       320    0.9427         1    0.9905    0.5707   0.03707  0.008496   0.01445
   167/499        0G   0.05383   0.01537   0.01939    0.0886         8       320    0.5841       0.9    0.7726    0.2723   0.04236   0.00841   0.01376
   168/499        0G   0.05241   0.01343   0.01929   0.08513         7       320    0.9828    0.9994    0.9951    0.4871   0.04703  0.008278   0.01372
   169/499        0G   0.04814   0.01612   0.02235    0.0866        11       320    0.9782    0.9992    0.9951    0.5512   0.03892  0.008533   0.01341
   170/499        0G    0.0502   0.01546   0.02151   0.08717         9       320    0.9254    0.9496    0.9717    0.5012    0.0446  0.008418   0.01263
   171/499        0G   0.05312   0.01766   0.02039   0.09116        12       320    0.7535    0.8989    0.8765    0.3274   0.04039  0.008697   0.01304
   172/499        0G   0.04908   0.01616   0.02015   0.08539        11       320    0.9032         1     0.986    0.6244     0.034  0.008814   0.01218
   173/499        0G   0.04762   0.01439   0.01718    0.0792         9       320    0.9559    0.9498    0.9763    0.3929   0.04264  0.008607   0.01155
   174/499        0G   0.04627    0.0129   0.01819   0.07736         7       320    0.9599    0.9498    0.9867    0.5411   0.04084  0.008562   0.01171
   175/499        0G   0.04887   0.01675   0.01802   0.08364        10       320    0.7712    0.9495    0.8999     0.557   0.03192  0.008677   0.01147
   176/499        0G   0.05047   0.01031   0.01534   0.07612         5       320    0.9498    0.9434    0.9266     0.259   0.05027  0.008267   0.01097
   177/499        0G   0.05706   0.01178   0.01477   0.08361         6       320    0.9525         1    0.9905    0.5729   0.03515  0.008578   0.01041
   178/499        0G   0.05043   0.01736   0.02127   0.08906        10       320     0.808    0.9999    0.9489    0.4692   0.04163  0.008395   0.01002
   179/499        0G   0.04637   0.01493   0.01432   0.07562         9       320    0.9061         1    0.9905    0.5453   0.03518  0.008574  0.009765
   180/499        0G   0.04919   0.01387   0.01543    0.0785         6       320     0.875    0.9986    0.9905    0.6044   0.03437  0.008519  0.009496
   181/499        0G   0.05576   0.01486   0.01499    0.0856        12       320    0.9999    0.9913    0.9951    0.3933   0.04443  0.008282  0.009371
   182/499        0G   0.04933   0.01235   0.01689   0.07858         5       320      0.95    0.9255    0.9784    0.6283   0.03745  0.008448  0.008922
   183/499        0G   0.04927   0.01643   0.01538   0.08108        10       320     0.973       0.9    0.9762    0.3133    0.0428  0.008305  0.008952
   184/499        0G   0.04743   0.01458   0.01425   0.07626        10       320    0.9496         1    0.9905    0.5405    0.0381  0.008368  0.008873
   185/499        0G   0.04205   0.02031   0.01337   0.07572        14       320    0.9759     0.899    0.9822    0.6549   0.03515  0.008303  0.008596
   186/499        0G   0.04693   0.01681   0.01418   0.07792        10       320    0.9563    0.9499    0.9763    0.5623   0.03436  0.008306  0.008265
   187/499        0G   0.05294   0.01606   0.01547   0.08446        11       320    0.8746      0.95    0.9006    0.3454   0.04076  0.008366  0.008219
   188/499        0G   0.04972   0.01672   0.01361   0.08005        10       320    0.9542    0.9499    0.9808    0.5198   0.03926  0.008266  0.008186
   189/499        0G   0.05202    0.0154   0.01174   0.07916        12       320    0.9853    0.8478    0.9432    0.5612   0.04459  0.008118  0.008241
   190/499        0G   0.04792   0.01266   0.01434   0.07492         8       320    0.9502     0.884    0.9835    0.4187   0.03823  0.008305  0.008242
   191/499        0G   0.04357   0.01329   0.01572   0.07258         8       320    0.9914     0.993    0.9951    0.4215   0.03798  0.008237  0.008014
   192/499        0G    0.0444   0.01275   0.01156   0.06871         7       320    0.9431      0.85    0.9523    0.4503    0.0372  0.008263  0.007751
   193/499        0G   0.04101   0.01923   0.02266   0.08291        12       320    0.9479    0.9483    0.9835    0.5611   0.03247  0.008235  0.007474
   194/499        0G   0.04608    0.0189   0.01329   0.07827        14       320    0.9534      0.95    0.9835    0.4468   0.04097  0.008078  0.007381
   195/499        0G   0.04702    0.0145   0.01503   0.07655        11       320    0.8315      0.95    0.9672    0.4439    0.0404  0.008095  0.007205
   196/499        0G   0.04623   0.01394   0.01196   0.07213         9       320    0.9937    0.8493    0.9702     0.512   0.03971  0.007997  0.007254
   197/499        0G   0.04845   0.01447   0.01037   0.07329         9       320    0.8526    0.9996    0.9313    0.3449   0.04084  0.007991  0.007332
   198/499        0G   0.03861   0.01157  0.009324    0.0595         5       320    0.9496    0.9101    0.9785    0.5442   0.03958  0.007968  0.007129
   199/499        0G   0.04552   0.01548   0.01158   0.07258        11       320    0.7509    0.9548    0.8621    0.4313   0.03923  0.007938  0.006865
   200/499        0G   0.05339   0.01491   0.01383   0.08213        12       320     0.981    0.9999    0.9951    0.4602   0.03839  0.007986  0.006994
   201/499        0G    0.0447   0.01749   0.01438   0.07657        11       320    0.9926    0.9995    0.9951    0.5891   0.03169  0.008012  0.007072
   202/499        0G   0.04379   0.01355  0.009392   0.06674         6       320    0.9426       0.9    0.9738    0.4164   0.04179  0.007782   0.00707
   203/499        0G   0.05221   0.01032   0.01981   0.08233         6       320    0.9952    0.9996    0.9951    0.6318   0.03382  0.007942  0.006993
   204/499        0G   0.04623   0.01688   0.01381   0.07692        14       320    0.9542    0.9996    0.9951    0.5875   0.03339  0.007945  0.006858
   205/499        0G    0.0451   0.01485   0.01283   0.07278         9       320    0.9828      0.85    0.9744    0.6561   0.03707  0.007906  0.006922
   206/499        0G   0.04688   0.01146   0.01199   0.07033         5       320     0.995    0.9995    0.9951    0.4101   0.03667  0.007989  0.006977
   207/499        0G    0.0473   0.01421   0.00994   0.07145        10       320    0.9984    0.9859    0.9951    0.6348   0.04562  0.007687  0.007087
   208/499        0G   0.04913   0.01521   0.01085   0.07519        12       320    0.9996    0.9876    0.9951     0.536     0.044  0.007718  0.006843
   209/499        0G   0.05009   0.01183   0.01828    0.0802         6       320    0.8723    0.9996    0.9835    0.5323   0.03967  0.007819  0.006902
   210/499        0G   0.04713   0.01361   0.01144   0.07218         9       320     0.781      0.75    0.8121    0.3835   0.04337  0.007842  0.007171
   211/499        0G   0.04547   0.01395   0.01474   0.07416        10       320    0.9183    0.9999    0.9814    0.5512   0.03678  0.007896  0.007329
   212/499        0G   0.04169   0.01434  0.009027   0.06505         9       320    0.9843         1    0.9951    0.5892   0.03302  0.007874    0.0076
   213/499        0G   0.04758   0.01883    0.0129   0.07931        14       320     0.993    0.7997    0.9769    0.4699   0.03779  0.007937  0.007003
   214/499        0G     0.047   0.01368   0.01052   0.07121         7       320    0.9383         1    0.9951    0.5985   0.03433  0.007805  0.006652
   215/499        0G   0.04283   0.01374   0.01671   0.07328         9       320    0.9674         1    0.9951    0.5062     0.038   0.00787  0.007282
   216/499        0G   0.04286   0.01601   0.01056   0.06943        12       320    0.9793         1    0.9951    0.5866   0.03307  0.007728  0.006804
   217/499        0G   0.04177   0.01287   0.01777   0.07241         8       320     0.942         1    0.9951    0.6007   0.03575  0.007659  0.006266
   218/499        0G   0.04884   0.01171   0.01205    0.0726         6       320    0.9549    0.9648    0.9951    0.5122   0.04045  0.007697  0.006104
   219/499        0G   0.05112   0.01376   0.01263   0.07751         9       320    0.8473    0.9997    0.9282    0.3729   0.03835  0.007742  0.006165
   220/499        0G   0.04557   0.01431  0.009854   0.06973         7       320    0.9983      0.95    0.9905    0.5787   0.03607  0.007629   0.00601
   221/499        0G   0.04616   0.01257  0.007817   0.06655         3       320    0.9944         1    0.9951    0.5798   0.03158  0.007661  0.005978
   222/499        0G   0.04363   0.01617   0.01232   0.07212        10       320     0.983    0.9496    0.9836    0.4647   0.03442  0.007645  0.005887
   223/499        0G   0.04725   0.01128  0.007786   0.06632         7       320    0.8459    0.8615    0.8883    0.4883   0.03899  0.007593  0.005979
   224/499        0G    0.0509   0.01282   0.01634   0.08006         9       320    0.9401       0.9    0.9381    0.3951   0.03877  0.007563  0.006048
   225/499        0G    0.0468   0.01271   0.01659    0.0761         7       320    0.9064      0.95    0.9591    0.5373   0.03607   0.00756  0.005853
   226/499        0G   0.04351   0.01143    0.0119   0.06684         5       320    0.9463      0.95    0.9708    0.4853   0.04122  0.007491  0.005888
   227/499        0G   0.04443   0.01376   0.01007   0.06826         9       320    0.9888      0.95    0.9868    0.6013   0.03163  0.007548  0.005812
   228/499        0G   0.03945   0.01238   0.00889   0.06073         8       320    0.9992      0.95    0.9764    0.4113   0.03549  0.007589  0.005841
   229/499        0G   0.04021   0.01053  0.006592   0.05733         5       320    0.9999    0.9566    0.9951     0.538   0.03029  0.007516  0.005807
   230/499        0G   0.04155    0.0161  0.009896   0.06755        10       320    0.9938      0.95    0.9868    0.5002   0.03228  0.007476  0.005694
   231/499        0G     0.044   0.01297  0.008344   0.06532        10       320    0.9843      0.95    0.9868    0.4244   0.03719  0.007424  0.005702
   232/499        0G   0.04697   0.01168   0.01394    0.0726         5       320     0.982    0.9499    0.9906    0.5806   0.03069  0.007419  0.005653
   233/499        0G   0.04502   0.01525   0.00897   0.06924        11       320     0.932      0.95    0.9808    0.5244   0.03472   0.00737  0.005578
   234/499        0G   0.05001   0.01293  0.009868   0.07281        10       320    0.9714    0.9937    0.9951    0.4537   0.03634  0.007515  0.005723
   235/499        0G   0.04596   0.01382   0.01079   0.07057         9       320    0.9377    0.9998    0.9905    0.6491   0.03322   0.00742  0.005781
   236/499        0G   0.04232   0.01358   0.01346   0.06937         9       320    0.9049    0.9957    0.9453    0.3369   0.03615  0.007466  0.005919
   237/499        0G   0.04551   0.01236   0.01663    0.0745         7       320    0.8071      0.95    0.9523    0.5359   0.03225  0.007422  0.006109
   238/499        0G   0.04625   0.01295   0.01483   0.07403         7       320    0.9693       0.9    0.9822    0.5168   0.03528  0.007372  0.006103
   239/499        0G   0.04253   0.01562  0.009894   0.06804        12       320    0.9988         1    0.9951    0.6469   0.02981  0.007371  0.005876
   240/499        0G   0.04073   0.01362   0.01163   0.06598        10       320    0.9982         1    0.9951    0.6107   0.03444  0.007301  0.005678
   241/499        0G   0.04397   0.01758  0.007802   0.06935        13       320    0.8986         1    0.9817    0.6564   0.02983  0.007383  0.005453
   242/499        0G   0.04055   0.01329  0.008086   0.06193         8       320    0.9489         1    0.9633    0.4601   0.03826  0.007309  0.005384
   243/499        0G   0.04519   0.01533   0.01133   0.07185        12       320    0.8828         1     0.986     0.497   0.03118   0.00738  0.005223
   244/499        0G   0.04061   0.01255  0.008262   0.06142         9       320    0.7185         1    0.8922    0.4072   0.03227  0.007456  0.005187
   245/499        0G    0.0432   0.01293   0.01101   0.06715         8       320    0.9864         1    0.9951    0.5688   0.03012  0.007356  0.005145
   246/499        0G   0.04107   0.01391  0.008414   0.06339         9       320    0.9939         1    0.9951    0.5877   0.03217  0.007348  0.005124
   247/499        0G   0.04452   0.01049   0.00835   0.06336         6       320     0.997         1    0.9951     0.539   0.03426  0.007347  0.005137
   248/499        0G   0.03933    0.0111  0.006224   0.05665         6       320    0.9971         1    0.9951    0.5954   0.02893   0.00738  0.005036
   249/499        0G    0.0413   0.01443  0.008698   0.06443        11       320     0.999    0.9996    0.9951    0.5078   0.03247  0.007344  0.004898
   250/499        0G   0.04249   0.01302  0.008039   0.06355        10       320    0.9943    0.9998    0.9951    0.6016   0.03348  0.007265  0.004848
   251/499        0G   0.04178   0.01106  0.007965   0.06081         7       320     0.986    0.9997    0.9951    0.5095   0.03862  0.007187  0.004777
   252/499        0G   0.04906   0.01559  0.008397   0.07304        12       320     0.986    0.9997    0.9951    0.5095   0.03862  0.007187  0.004777
   253/499        0G   0.04428    0.0126  0.006495   0.06338        10       320    0.9986    0.9603    0.9951    0.6771   0.03558  0.007116  0.004836
   254/499        0G    0.0448   0.01319  0.007091   0.06508         9       320     0.811     0.849    0.8948    0.4088   0.04259   0.00725  0.004767
   255/499        0G    0.0574   0.01217  0.008348   0.07792         9       320     0.811     0.849    0.8948    0.4088   0.04259   0.00725  0.004767
   256/499        0G   0.04866   0.01069  0.007395   0.06675         7       320      0.98    0.8477    0.9699    0.5491   0.03327  0.007184  0.004921
   257/499        0G   0.03875   0.01248   0.01254   0.06378         7       320    0.9593     0.849     0.963    0.5641   0.03187   0.00727  0.004915
   258/499        0G   0.04656  0.009375  0.006139   0.06207         7       320    0.9593     0.849     0.963    0.5641   0.03187   0.00727  0.004915
   259/499        0G    0.0424   0.01108  0.007732   0.06121         6       320    0.8747    0.8429    0.9509    0.4819   0.03544   0.00729  0.005022
   260/499        0G    0.0409   0.01111  0.007322   0.05933         8       320     0.889         1    0.9668    0.5753   0.03338  0.007272  0.005015
   261/499        0G    0.0447   0.01793   0.00926   0.07188        13       320     0.889         1    0.9668    0.5753   0.03338  0.007272  0.005015
   262/499        0G   0.04058   0.01124   0.01076   0.06259         7       320    0.9138    0.9669     0.942    0.4811   0.03518  0.007271  0.005123
   263/499        0G   0.04128   0.01548  0.008673   0.06543         9       320    0.9461    0.8982    0.9818    0.4826   0.04223  0.007251  0.004969
   264/499        0G   0.05227   0.01223  0.007513   0.07202         8       320    0.9461    0.8982    0.9818    0.4826   0.04223  0.007251  0.004969
   265/499        0G   0.05227   0.01247   0.01157   0.07631         8       320    0.9477    0.9499    0.9818    0.4607   0.04084   0.00721  0.005176
   266/499        0G   0.04577   0.01192  0.007774   0.06547         8       320    0.9458         1    0.9951    0.6201   0.03023  0.007369  0.005287
   267/499        0G   0.03864   0.01157  0.006659   0.05686         8       320    0.9458         1    0.9951    0.6201   0.03023  0.007369  0.005287
   268/499        0G   0.04317   0.01058  0.009688   0.06343         7       320    0.9783      0.95    0.9906     0.562   0.03725  0.007177  0.005192
   269/499        0G   0.04344   0.01089  0.006326   0.06065         7       320    0.9811         1    0.9951    0.6179   0.03458   0.00727   0.00517
   270/499        0G   0.04593   0.01336   0.01983   0.07912         9       320    0.9811         1    0.9951    0.6179   0.03458   0.00727   0.00517
   271/499        0G   0.03853    0.0145  0.006879   0.05991        11       320    0.9512    0.9999    0.9905    0.7045   0.03274  0.007226  0.005036
   272/499        0G   0.04357   0.01415      0.01   0.06772         8       320     0.945     0.998    0.9905    0.5589   0.03538  0.007275  0.004848
   273/499        0G   0.04619    0.0132    0.0076   0.06699        11       320     0.945     0.998    0.9905    0.5589   0.03538  0.007275  0.004848
   274/499        0G   0.04269   0.01444  0.008679   0.06581        11       320    0.9981         1    0.9951    0.4945   0.02909  0.007266  0.004819
   275/499        0G    0.0362   0.01395  0.007979   0.05814        11       320    0.8839    0.9997    0.9636    0.5338    0.0401  0.007107  0.004765
   276/499        0G   0.04607   0.01273  0.008596    0.0674         8       320    0.8839    0.9997    0.9636    0.5338    0.0401  0.007107  0.004765
   277/499        0G   0.04446   0.01164  0.006837   0.06294         8       320    0.9964    0.9994    0.9951    0.5711   0.03083  0.007199  0.004864
   278/499        0G   0.03697   0.01205  0.006658   0.05568         8       320    0.9498    0.8461    0.9452    0.5915   0.03001  0.007195  0.004909
   279/499        0G   0.04087   0.01216  0.006948   0.05998         9       320    0.9498    0.8461    0.9452    0.5915   0.03001  0.007195  0.004909
   280/499        0G    0.0413   0.01709  0.009113    0.0675        14       320    0.9995    0.9999    0.9951    0.5213   0.03251  0.007262   0.00498
   281/499        0G   0.04128   0.01283  0.007699   0.06181         9       320    0.9969         1    0.9951    0.6352   0.02977  0.007228  0.004829
   282/499        0G   0.04538   0.01345  0.009434   0.06826        12       320    0.9969         1    0.9951    0.6352   0.02977  0.007228  0.004829
   283/499        0G   0.04429   0.01251  0.005918   0.06272         8       320    0.9994         1    0.9951    0.6453   0.03152  0.007161  0.004809
   284/499        0G   0.04103   0.01265  0.006187   0.05987         7       320    0.9513         1    0.9905    0.5377    0.0323  0.007186  0.004613
   285/499        0G   0.04351   0.01222  0.006253   0.06198        10       320    0.9513         1    0.9905    0.5377    0.0323  0.007186  0.004613
   286/499        0G   0.03839   0.01322  0.006826   0.05843        11       320    0.9495         1    0.9905    0.6081   0.02703   0.00716  0.004579
   287/499        0G   0.03682   0.01246   0.00678   0.05606         9       320    0.9503    0.9976    0.9951    0.4264   0.03821  0.007302  0.004414
   288/499        0G   0.04379   0.01434  0.007406   0.06553        11       320    0.9503    0.9976    0.9951    0.4264   0.03821  0.007302  0.004414
   289/499        0G   0.04652  0.009189  0.005953   0.06166         6       320    0.9971         1    0.9951    0.7094   0.03062   0.00705  0.004509
   290/499        0G   0.03785   0.01108  0.006012   0.05494         5       320    0.8565     0.998    0.9739    0.6015   0.03625  0.007063  0.004461
   291/499        0G    0.0449   0.01419  0.006362   0.06545        13       320    0.8565     0.998    0.9739    0.6015   0.03625  0.007063  0.004461
   292/499        0G   0.04244   0.01228  0.008677   0.06339         6       320    0.9991         1    0.9951    0.6981   0.03392  0.006946  0.004378
   293/499        0G   0.03966   0.01106   0.01181   0.06253         6       320    0.8985    0.9988    0.9951    0.5587   0.03579  0.006946  0.004271
   294/499        0G   0.04373   0.01108  0.005238   0.06005         9       320    0.8985    0.9988    0.9951    0.5587   0.03579  0.006946  0.004271
   295/499        0G   0.03898   0.01189  0.006479   0.05736        10       320    0.8149    0.9995    0.9389    0.5208   0.02753  0.007083  0.004293
   296/499        0G   0.03733   0.01216  0.006911    0.0564         8       320    0.7974         1    0.9784    0.6453   0.03491  0.007055  0.004348
   297/499        0G   0.04388   0.01292   0.00622   0.06302         9       320    0.7974         1    0.9784    0.6453   0.03491  0.007055  0.004348
   298/499        0G   0.04134  0.009901  0.007936   0.05918         7       320    0.8128    0.9751    0.9836    0.6801   0.03219  0.006968  0.004374
   299/499        0G   0.03495   0.01115   0.00546   0.05155         7       320    0.9703         1    0.9951     0.631   0.03035  0.007033  0.004311
   300/499        0G   0.04642   0.01116  0.005799   0.06338         7       320    0.9703         1    0.9951     0.631   0.03035  0.007033  0.004311
   301/499        0G    0.0381   0.01305  0.006044    0.0572        11       320     0.996         1    0.9951    0.5443   0.03204  0.007029  0.004356
   302/499        0G   0.03848   0.01626    0.0069   0.06164        14       320    0.9479         1    0.9951    0.5634   0.03759  0.007044  0.004305
   303/499        0G   0.04733   0.01653  0.007433   0.07129        14       320    0.9479         1    0.9951    0.5634   0.03759  0.007044  0.004305
   304/499        0G    0.0415   0.01148  0.005806   0.05878         7       320    0.9568         1    0.9951    0.6365    0.0309  0.006907  0.004399
   305/499        0G   0.03624   0.01119   0.00624   0.05367         7       320    0.9978         1    0.9951    0.6991    0.0278  0.006971  0.004375
   306/499        0G   0.03884   0.01403  0.008054   0.06093        12       320    0.9978         1    0.9951    0.6991    0.0278  0.006971  0.004375
   307/499        0G   0.03929   0.01256   0.00701   0.05886         9       320    0.9963         1    0.9951    0.5593   0.03326  0.006869  0.004431
   308/499        0G   0.04001  0.009691  0.006021   0.05572         6       320    0.9968         1    0.9951    0.6834   0.02976  0.006934  0.004358
   309/499        0G    0.0407   0.01314  0.007573   0.06142        10       320    0.9968         1    0.9951    0.6834   0.02976  0.006934  0.004358
   310/499        0G   0.03755   0.01182  0.008383   0.05776         8       320     0.996         1    0.9951    0.5684   0.02796  0.006849  0.004379
   311/499        0G    0.0397   0.01395  0.006189   0.05985        11       320    0.9981         1    0.9951    0.5889   0.03426   0.00693    0.0043
   312/499        0G   0.05049  0.009906  0.005388   0.06578         6       320    0.9981         1    0.9951    0.5889   0.03426   0.00693    0.0043
   313/499        0G   0.03798   0.01012  0.008225   0.05633         5       320    0.9974         1    0.9951    0.6285   0.02841  0.006764  0.004309
   314/499        0G   0.03957   0.01269  0.005604   0.05786         9       320     0.995         1    0.9951    0.5703   0.03895  0.006863  0.004207
   315/499        0G   0.04657   0.01294   0.00751   0.06702         7       320     0.995         1    0.9951    0.5703   0.03895  0.006863  0.004207
   316/499        0G   0.04169   0.01322  0.006753   0.06166        11       320    0.9939         1    0.9951    0.6189   0.02794  0.006771  0.004257
   317/499        0G    0.0372   0.01114    0.0076   0.05595         8       320      0.96         1    0.9951    0.6624   0.03427  0.006735  0.004228
   318/499        0G   0.04175   0.01259  0.006472   0.06081         9       320      0.96         1    0.9951    0.6624   0.03427  0.006735  0.004228
   319/499        0G    0.0397   0.01354  0.006711   0.05995         8       320    0.9447    0.9999    0.9906    0.6806   0.02983  0.006757    0.0042
   320/499        0G   0.03404   0.01157  0.008796    0.0544         9       320    0.9992         1    0.9951    0.6601    0.0284  0.006777  0.004149
   321/499        0G   0.03908   0.01202  0.006262   0.05736         8       320    0.9992         1    0.9951    0.6601    0.0284  0.006777  0.004149
   322/499        0G   0.03726   0.01056  0.006597   0.05442         7       320    0.9957         1    0.9951    0.5736   0.02948  0.006741  0.004129
   323/499        0G   0.03961   0.01153   0.00637   0.05751         6       320    0.8411         1    0.9638     0.496   0.03391  0.006779  0.004005
   324/499        0G   0.04649   0.01289  0.009027   0.06841         9       320    0.8411         1    0.9638     0.496   0.03391  0.006779  0.004005
   325/499        0G   0.04169   0.01563  0.006699   0.06402        13       320    0.9897         1    0.9951    0.6115   0.02776  0.006672  0.004044
   326/499        0G   0.03852   0.01162  0.007668    0.0578         8       320    0.9865         1    0.9951    0.6766     0.025  0.006619   0.00394
   327/499        0G   0.03449  0.008943  0.006605   0.05004         5       320    0.9865         1    0.9951    0.6766     0.025  0.006619   0.00394
   328/499        0G    0.0358   0.01043  0.005785   0.05202         6       320    0.9977         1    0.9951    0.6509   0.02846  0.006754  0.003901
   329/499        0G   0.03696   0.01472  0.005393   0.05708        14       320    0.9993         1    0.9951    0.6366   0.02973  0.006752   0.00384
   330/499        0G    0.0347   0.01126  0.005549   0.05151         9       320    0.9993         1    0.9951    0.6366   0.02973  0.006752   0.00384
   331/499        0G   0.03574   0.01139  0.009627   0.05676         8       320    0.9979         1    0.9951    0.6937   0.03192  0.006684  0.003912
   332/499        0G   0.04015   0.01089   0.01114   0.06218         9       320    0.9524    0.9985     0.986    0.6135   0.03307   0.00675   0.00392
   333/499        0G   0.04273   0.01279  0.007541   0.06306        12       320    0.9524    0.9985     0.986    0.6135   0.03307   0.00675   0.00392
   334/499        0G   0.03711   0.01124  0.008251    0.0566         7       320    0.9989         1    0.9951     0.711   0.02487  0.006626   0.00397
   335/499        0G   0.03455   0.01456  0.006304   0.05541        13       320    0.9997         1    0.9951    0.4985   0.03086  0.006797  0.003916
   336/499        0G   0.04191   0.01295  0.006466   0.06133         9       320    0.9997         1    0.9951    0.4985   0.03086  0.006797  0.003916
   337/499        0G   0.03835   0.01172   0.01354   0.06361        10       320    0.9996         1    0.9951    0.6564   0.02558  0.006671  0.003928
   338/499        0G   0.03572   0.01111  0.005825   0.05266        10       320    0.9992         1    0.9951     0.664   0.02954  0.006683  0.003989
   339/499        0G   0.03753   0.01194   0.01697   0.06643         8       320    0.9992         1    0.9951     0.664   0.02954  0.006683  0.003989
   340/499        0G   0.03476   0.01329  0.005912   0.05396        11       320    0.9998         1    0.9951    0.7066   0.02563  0.006664  0.003975
   341/499        0G   0.03509   0.01027  0.005589   0.05095         8       320    0.9988         1    0.9951     0.583   0.03766  0.006772  0.003998
   342/499        0G   0.04384   0.01087  0.005405   0.06012         3       320    0.9988         1    0.9951     0.583   0.03766  0.006772  0.003998
   343/499        0G   0.03786   0.01241  0.009559   0.05983        12       320    0.9985         1    0.9951    0.6444   0.03046  0.006784  0.004009
   344/499        0G    0.0387   0.01245  0.007796   0.05894         8       320    0.9964         1    0.9951     0.624   0.02711  0.006638  0.003928
   345/499        0G   0.03713   0.01612  0.006888   0.06015        14       320    0.9964         1    0.9951     0.624   0.02711  0.006638  0.003928
   346/499        0G   0.03526   0.01353  0.007649   0.05644        10       320    0.9937         1    0.9951    0.7153   0.02384  0.006602  0.003944
   347/499        0G   0.03359   0.01068   0.00609   0.05036         7       320     0.994         1    0.9951     0.708   0.02724  0.006683  0.003869
   348/499        0G   0.03091   0.01012  0.006078   0.04711         5       320     0.994         1    0.9951     0.708   0.02724  0.006683  0.003869
   349/499        0G   0.03531   0.01177    0.0108   0.05788         9       320    0.9937         1    0.9951    0.7271   0.02309  0.006583  0.003793
   350/499        0G   0.03569   0.00935  0.005311   0.05035         6       320    0.9533    0.8496    0.9514     0.615   0.04049  0.006875  0.003817
   351/499        0G   0.05028   0.01191   0.01001    0.0722         9       320    0.9533    0.8496    0.9514     0.615   0.04049  0.006875  0.003817
   352/499        0G   0.03989   0.01329  0.007972   0.06116        11       320    0.9942         1    0.9951    0.6937    0.0315  0.006759   0.00381
   353/499        0G   0.03316   0.01264  0.005865   0.05166         8       320    0.9278         1    0.9951    0.6317   0.02944  0.006734  0.003745
   354/499        0G   0.03983   0.01296  0.005552   0.05834        10       320    0.9278         1    0.9951    0.6317   0.02944  0.006734  0.003745
   355/499        0G   0.03602   0.01062  0.008112   0.05475         8       320    0.9629         1    0.9951    0.6526    0.0292   0.00675  0.003766
   356/499        0G   0.03624   0.01118   0.01436   0.06177         8       320    0.9771         1    0.9951    0.5993   0.02915   0.00687  0.003743
   357/499        0G   0.03932   0.01297  0.006142   0.05843         9       320    0.9771         1    0.9951    0.5993   0.02915   0.00687  0.003743
   358/499        0G    0.0396   0.01308   0.00653    0.0592        11       320    0.9908         1    0.9951    0.7163   0.02471  0.006666  0.003785
   359/499        0G   0.03145   0.01093    0.0052   0.04758         8       320    0.9907         1    0.9951    0.5761   0.03047  0.006786  0.003725
   360/499        0G   0.04149   0.01007  0.005279   0.05684         7       320    0.9907         1    0.9951    0.5761   0.03047  0.006786  0.003725
   361/499        0G    0.0353   0.01037  0.006942   0.05261         7       320     0.993         1    0.9951    0.6493   0.02707  0.006756  0.003773
   362/499        0G   0.04003     0.011  0.006811   0.05784         9       320    0.9948         1    0.9951    0.7279   0.02801  0.006596  0.003773
   363/499        0G   0.03817  0.009725  0.007453   0.05535         5       320    0.9948         1    0.9951    0.7279   0.02801  0.006596  0.003773
   364/499        0G   0.03422    0.0111   0.00483   0.05015         9       320    0.9944         1    0.9951    0.6298    0.0243  0.006676  0.003864
   365/499        0G   0.03313   0.01093  0.006654   0.05071         7       320    0.9942    0.9999    0.9951     0.742   0.02332  0.006604  0.003829
   366/499        0G      0.03   0.01198  0.004767   0.04675         8       320    0.9942    0.9999    0.9951     0.742   0.02332  0.006604  0.003829
   367/499        0G     0.031   0.01025  0.005699   0.04694         8       320    0.9969         1    0.9951    0.6824   0.02717  0.006647  0.003841
   368/499        0G   0.03459  0.009336  0.008254   0.05218         6       320    0.9968         1    0.9951    0.6586   0.02695  0.006616  0.003798
   369/499        0G   0.03743   0.01542  0.005962   0.05881        15       320    0.9968         1    0.9951    0.6586   0.02695  0.006616  0.003798
   370/499        0G   0.03564   0.01416  0.006176   0.05598        12       320    0.9969         1    0.9951    0.7482   0.02167  0.006528  0.003789
   371/499        0G   0.03249   0.01273  0.005811   0.05104        10       320    0.9985         1    0.9951    0.6611   0.02478  0.006512  0.003698
   372/499        0G   0.03339   0.01003  0.005036   0.04845         7       320    0.9985         1    0.9951    0.6611   0.02478  0.006512  0.003698
   373/499        0G    0.0367   0.01253  0.007422   0.05665        11       320    0.9992         1    0.9951    0.7758   0.02311  0.006396  0.003679
   374/499        0G   0.03553   0.01153  0.005453   0.05251         9       320    0.9969         1    0.9951    0.6113   0.03194  0.006555  0.003595
   375/499        0G   0.04019   0.01387   0.01214   0.06619        12       320    0.9969         1    0.9951    0.6113   0.03194  0.006555  0.003595
   376/499        0G   0.03573   0.01313  0.007667   0.05652        10       320    0.9996         1    0.9951    0.7649   0.02534  0.006334  0.003601
   377/499        0G   0.03361   0.01197  0.007068   0.05265        11       320    0.9999         1    0.9951    0.7171   0.02444  0.006303  0.003613
   378/499        0G   0.03243    0.0145  0.007115   0.05405        12       320    0.9999         1    0.9951    0.7171   0.02444  0.006303  0.003613
   379/499        0G   0.03343    0.0111   0.01519   0.05972        10       320    0.9993         1    0.9951    0.7462   0.02166  0.006279  0.003591
   380/499        0G   0.03007    0.0129   0.01027   0.05324        11       320    0.9994         1    0.9951    0.6796   0.02602  0.006386  0.003497
   381/499        0G   0.03787   0.01008  0.008218   0.05617         9       320    0.9994         1    0.9951    0.6796   0.02602  0.006386  0.003497
   382/499        0G   0.03164   0.01216   0.01119     0.055         9       320    0.9994         1    0.9951    0.7228   0.02321  0.006281  0.003449
   383/499        0G   0.02907   0.01311  0.004869   0.04705        12       320     0.998         1    0.9951    0.6969   0.02704  0.006457  0.003411
   384/499        0G    0.0372   0.01394  0.005741   0.05688        12       320     0.998         1    0.9951    0.6969   0.02704  0.006457  0.003411
   385/499        0G   0.03445   0.01039  0.009515   0.05436         8       320     0.999         1    0.9951    0.7125   0.02343  0.006287  0.003406
   386/499        0G   0.03157   0.01186   0.00615   0.04959         8       320    0.9906         1    0.9951    0.7491   0.02883  0.006453  0.003345
   387/499        0G   0.04228   0.01082   0.01013   0.06323         9       320    0.9906         1    0.9951    0.7491   0.02883  0.006453  0.003345
   388/499        0G   0.03538   0.01046   0.01103   0.05687         8       320    0.9979         1    0.9951    0.7706   0.02458  0.006206  0.003337
   389/499        0G   0.02574  0.007842  0.004398   0.03798         4       320    0.9981         1    0.9951     0.686   0.02601  0.006401  0.003308
   390/499        0G   0.03316   0.01156  0.006461   0.05119         8       320    0.9981         1    0.9951     0.686   0.02601  0.006401  0.003308
   391/499        0G   0.03285   0.01181  0.005867   0.05053        10       320    0.9975         1    0.9951    0.7488   0.02415  0.006353  0.003318
   392/499        0G   0.02958  0.009465   0.00377   0.04282         5       320    0.9995         1    0.9951    0.7146   0.02432   0.00636  0.003382
   393/499        0G   0.03612    0.0119  0.007911   0.05593         9       320    0.9995         1    0.9951    0.7146   0.02432   0.00636  0.003382
   394/499        0G    0.0319  0.008891  0.004818   0.04561         6       320    0.9995         1    0.9951    0.7689   0.02202   0.00631   0.00339
   395/499        0G   0.03066   0.01051   0.00512   0.04629         8       320    0.9774         1    0.9951    0.6128     0.026   0.00643  0.003407
   396/499        0G   0.03688     0.013    0.0054   0.05528        11       320    0.9774         1    0.9951    0.6128     0.026   0.00643  0.003407
   397/499        0G   0.03216   0.01319  0.004638   0.04998        11       320    0.9999         1    0.9951    0.7972   0.02157  0.006334  0.003409
   398/499        0G   0.02962    0.0119   0.01396   0.05547         8       320    0.9994         1    0.9951    0.6913    0.0224  0.006322  0.003396
   399/499        0G   0.03333   0.00951  0.009688   0.05253         7       320    0.9994         1    0.9951    0.6913    0.0224  0.006322  0.003396
   400/499        0G   0.03074   0.01015   0.00482   0.04571         7       320    0.9982         1    0.9951    0.6958   0.02513  0.006278  0.003418
   401/499        0G   0.02886  0.009249  0.004849   0.04295         8       320    0.9969         1    0.9951    0.7418   0.02363   0.00623  0.003398
   402/499        0G   0.03672   0.01091  0.006437   0.05407         5       320    0.9969         1    0.9951    0.7418   0.02363   0.00623  0.003398
   403/499        0G   0.03409   0.01095  0.005662    0.0507         9       320    0.9952         1    0.9951    0.7481   0.02462  0.006258  0.003403
   404/499        0G   0.03279   0.01235  0.008453   0.05359        11       320    0.9943         1    0.9951    0.7518   0.02354  0.006198   0.00338
   405/499        0G    0.0369   0.01009  0.004612    0.0516         6       320    0.9943         1    0.9951    0.7518   0.02354  0.006198   0.00338
   406/499        0G   0.03162   0.01027  0.003978   0.04587         5       320    0.9943         1    0.9951    0.7557    0.0215  0.006165   0.00336
   407/499        0G   0.03058   0.01175  0.007977    0.0503         9       320    0.9932         1    0.9951    0.7163   0.02475  0.006289    0.0034
   408/499        0G   0.03763   0.01131  0.006312   0.05525         9       320    0.9932         1    0.9951    0.7163   0.02475  0.006289    0.0034
   409/499        0G   0.03361   0.01122  0.004235   0.04907         8       320    0.9952         1    0.9951    0.7329   0.02259  0.006239  0.003488
   410/499        0G   0.03191    0.0152  0.006775   0.05388        16       320    0.9517         1    0.9951      0.67   0.02512  0.006312  0.003504
   411/499        0G    0.0345  0.009466  0.004099   0.04806         6       320    0.9517         1    0.9951      0.67   0.02512  0.006312  0.003504
   412/499        0G   0.03944    0.0102  0.004726   0.05436         6       320    0.9962         1    0.9951    0.5854   0.03024  0.006529  0.003568
   413/499        0G   0.03598   0.01246  0.008851    0.0573        12       320    0.9971         1    0.9951    0.7253   0.02354  0.006321  0.003452
   414/499        0G   0.03466   0.01094  0.004053   0.04965         9       320    0.9971         1    0.9951    0.7253   0.02354  0.006321  0.003452
   415/499        0G   0.03356   0.01228  0.004568    0.0504        10       320    0.9974         1    0.9951    0.7625   0.02332  0.006248  0.003482
   416/499        0G   0.03256   0.01324  0.005484   0.05128        13       320    0.9984         1    0.9951    0.7045   0.02371  0.006291  0.003454
   417/499        0G   0.03185   0.01404  0.004464   0.05035        13       320    0.9984         1    0.9951    0.7045   0.02371  0.006291  0.003454
   418/499        0G   0.03281   0.01151  0.005364   0.04969        10       320    0.9939    0.9994    0.9951    0.7239   0.02441  0.006244  0.003366
   419/499        0G   0.03243   0.01228  0.009504   0.05421        10       320    0.9939    0.9994    0.9951    0.7239   0.02441  0.006244  0.003366
   420/499        0G   0.03427   0.01007  0.006162    0.0505         7       320    0.9996         1    0.9951    0.7325   0.02428  0.006271   0.00338
   421/499        0G    0.0343  0.008934   0.01529   0.05853         7       320    0.9996         1    0.9951    0.7325   0.02428  0.006271   0.00338
   422/499        0G   0.03745   0.01032   0.01898   0.06675         7       320    0.9994         1    0.9951    0.6366   0.02575   0.00632  0.003351
   423/499        0G   0.03121   0.01106  0.006526    0.0488        10       320    0.9994         1    0.9951    0.6366   0.02575   0.00632  0.003351
   424/499        0G   0.03036  0.008944  0.004234   0.04354         4       320    0.9975         1    0.9951    0.7028   0.02693  0.006296  0.003328
   425/499        0G    0.0366   0.01084  0.004109   0.05155         8       320    0.9975         1    0.9951    0.7028   0.02693  0.006296  0.003328
   426/499        0G   0.03758    0.0107  0.005142   0.05342         8       320     0.999         1    0.9951    0.6919   0.02181  0.006314  0.003391
   427/499        0G   0.03165   0.01349  0.003893   0.04903        16       320     0.999         1    0.9951    0.6919   0.02181  0.006314  0.003391
   428/499        0G   0.03092   0.01003  0.004691   0.04564         6       320    0.9974         1    0.9951    0.7612   0.02406  0.006237  0.003375
   429/499        0G   0.02772   0.01111  0.004289   0.04312        10       320    0.9974         1    0.9951    0.7612   0.02406  0.006237  0.003375
   430/499        0G    0.0375   0.01045  0.006354   0.05431         8       320    0.9965         1    0.9951    0.7426    0.0227  0.006306  0.003449
   431/499        0G   0.03248   0.01493  0.005221   0.05263        14       320    0.9965         1    0.9951    0.7426    0.0227  0.006306  0.003449
   432/499        0G   0.02669  0.009789  0.004481   0.04096         6       320    0.9948         1    0.9951    0.7502   0.02248  0.006222  0.003396
   433/499        0G   0.02976   0.01049  0.006288   0.04654         5       320    0.9948         1    0.9951    0.7502   0.02248  0.006222  0.003396
   434/499        0G   0.03533   0.01182  0.004538   0.05169         9       320    0.9954         1    0.9951     0.708   0.02258  0.006236  0.003369
   435/499        0G   0.03332   0.01254  0.006139     0.052        13       320    0.9954         1    0.9951     0.708   0.02258  0.006236  0.003369
   436/499        0G   0.03647   0.01116    0.0118   0.05943        10       320     0.993         1    0.9951    0.6957   0.03024  0.006386  0.003263
   437/499        0G   0.03744    0.0126   0.00503   0.05507        10       320     0.993         1    0.9951    0.6957   0.03024  0.006386  0.003263
   438/499        0G   0.03786   0.01109  0.004982   0.05393         7       320     0.995         1    0.9951    0.6956   0.02235  0.006136  0.003284
   439/499        0G   0.03296   0.01289  0.005832   0.05168        12       320     0.995         1    0.9951    0.6956   0.02235  0.006136  0.003284
   440/499        0G   0.02888  0.009553  0.005493   0.04392         7       320    0.9828         1    0.9951    0.7604   0.02099  0.006165  0.003271
   441/499        0G   0.02918   0.01111  0.007037   0.04733         9       320    0.9828         1    0.9951    0.7604   0.02099  0.006165  0.003271
   442/499        0G   0.02776  0.009961  0.004756   0.04247         8       320    0.9961         1    0.9951    0.6951   0.02779  0.006103  0.003267
   443/499        0G   0.03806   0.01169  0.006097   0.05584        12       320    0.9961         1    0.9951    0.6951   0.02779  0.006103  0.003267
   444/499        0G   0.04056   0.01192  0.009513     0.062        10       320    0.9953         1    0.9951     0.665   0.02921  0.006144  0.003245
   445/499        0G   0.03553   0.01156  0.006871   0.05396         8       320    0.9953         1    0.9951     0.665   0.02921  0.006144  0.003245
   446/499        0G   0.03202   0.01068  0.005433   0.04813         8       320    0.9954         1    0.9951    0.7303   0.02212  0.006095  0.003222
   447/499        0G   0.03297   0.01093  0.004267   0.04817         7       320    0.9954         1    0.9951    0.7303   0.02212  0.006095  0.003222
   448/499        0G   0.03735   0.01062  0.006977   0.05494         9       320    0.9946         1    0.9951    0.6867   0.02482  0.006114  0.003245
   449/499        0G   0.02743  0.009994   0.00397    0.0414         6       320    0.9946         1    0.9951    0.6867   0.02482  0.006114  0.003245
   450/499        0G   0.02853   0.01226  0.004694   0.04548         9       320    0.9934         1    0.9951    0.7098    0.0219  0.006027  0.003214
   451/499        0G   0.03062   0.01077  0.004925   0.04631         6       320    0.9934         1    0.9951    0.7098    0.0219  0.006027  0.003214
   452/499        0G   0.03167  0.009723  0.006548   0.04794        11       320    0.9958         1    0.9951    0.7813   0.02441  0.006076  0.003206
   453/499        0G    0.0299   0.01031  0.004813   0.04502         7       320    0.9958         1    0.9951    0.7813   0.02441  0.006076  0.003206
   454/499        0G   0.03326   0.01184   0.00595   0.05105        12       320    0.9976         1    0.9951    0.7216   0.02205  0.006074  0.003201
   455/499        0G    0.0279  0.009547  0.004943   0.04239         5       320    0.9976         1    0.9951    0.7216   0.02205  0.006074  0.003201
   456/499        0G   0.02945   0.01018  0.004245   0.04388         9       320    0.9995         1    0.9951    0.6283   0.02948  0.006168  0.003246
   457/499        0G   0.03225   0.01334  0.008518   0.05411        12       320    0.9995         1    0.9951    0.6283   0.02948  0.006168  0.003246
   458/499        0G   0.03473  0.009903  0.003769    0.0484         7       320    0.9982         1    0.9951    0.7289   0.02258  0.006063  0.003237
   459/499        0G   0.03218  0.009887  0.004792   0.04685        10       320    0.9982         1    0.9951    0.7289   0.02258  0.006063  0.003237
   460/499        0G   0.03019   0.01196  0.004255   0.04641        10       320    0.9997         1    0.9951    0.6657   0.02453  0.005985  0.003238
   461/499        0G   0.03159   0.01201  0.005906    0.0495        11       320    0.9997         1    0.9951    0.6657   0.02453  0.005985  0.003238
   462/499        0G   0.03134   0.01039  0.004372    0.0461         9       320    0.9999         1    0.9951    0.7766   0.02266   0.00605  0.003192
   463/499        0G   0.02862  0.008719  0.004232   0.04157         7       320    0.9999         1    0.9951    0.7766   0.02266   0.00605  0.003192
   464/499        0G   0.02698   0.00951  0.003874   0.04036         8       320    0.9991         1    0.9951     0.648   0.02283  0.006037  0.003165
   465/499        0G   0.02929   0.01168  0.004672   0.04564        11       320    0.9991         1    0.9951     0.648   0.02283  0.006037  0.003165
   466/499        0G   0.02903  0.009683  0.004688    0.0434         8       320    0.9991         1    0.9951    0.7764   0.02065  0.005987   0.00317
   467/499        0G   0.02742   0.01115  0.003967   0.04254        10       320    0.9991         1    0.9951    0.7764   0.02065  0.005987   0.00317
   468/499        0G   0.02956  0.007352  0.004748   0.04166         5       320    0.9992         1    0.9951    0.7672   0.02474   0.00597   0.00317
   469/499        0G   0.02807  0.007919  0.004477   0.04046         4       320    0.9992         1    0.9951    0.7672   0.02474   0.00597   0.00317
   470/499        0G   0.03328   0.01114   0.00414   0.04856         8       320    0.9979         1    0.9951    0.7762    0.0212  0.005915  0.003202
   471/499        0G   0.02791  0.007812  0.003716   0.03944         4       320    0.9979         1    0.9951    0.7762    0.0212  0.005915  0.003202
   472/499        0G   0.03249   0.01055   0.01854   0.06158         7       320    0.9975         1    0.9951    0.7063   0.02012  0.005885  0.003056
   473/499        0G   0.03105   0.01021  0.005846   0.04711         7       320    0.9975         1    0.9951    0.7063   0.02012  0.005885  0.003056
   474/499        0G   0.02973  0.009904  0.007447   0.04708        10       320    0.9973         1    0.9951     0.703   0.02811  0.006002  0.003007
   475/499        0G   0.03476  0.008536  0.003799   0.04709         7       320    0.9973         1    0.9951     0.703   0.02811  0.006002  0.003007
   476/499        0G   0.03735  0.009228  0.007626   0.05421         9       320    0.9973         1    0.9951    0.6946   0.02056  0.005919  0.003033
   477/499        0G   0.03203   0.01135   0.00934   0.05272         9       320    0.9973         1    0.9951    0.6946   0.02056  0.005919  0.003033
   478/499        0G   0.03305   0.01346  0.005554   0.05207        13       320     0.996         1    0.9951    0.7435   0.02573  0.005936  0.003045
   479/499        0G   0.03164  0.009519  0.004033   0.04519         6       320     0.996         1    0.9951    0.7435   0.02573  0.005936  0.003045
   480/499        0G   0.03059   0.01224  0.004825   0.04766        11       320    0.9953         1    0.9951    0.6862   0.02567   0.00601  0.003052
   481/499        0G   0.03372  0.008872  0.003783   0.04638         6       320    0.9953         1    0.9951    0.6862   0.02567   0.00601  0.003052
   482/499        0G   0.04557   0.01143  0.006253   0.06325         9       320    0.9942         1    0.9951    0.6584   0.02385   0.00606  0.003095
   483/499        0G   0.03105    0.0101  0.005809   0.04696         9       320    0.9942         1    0.9951    0.6584   0.02385   0.00606  0.003095
   484/499        0G    0.0265  0.008006  0.003609   0.03812         4       320    0.9509         1    0.9951    0.7625   0.02453  0.006095  0.003125
   485/499        0G   0.03635   0.01229  0.007357     0.056        11       320    0.9509         1    0.9951    0.7625   0.02453  0.006095  0.003125
   486/499        0G   0.03252  0.009549  0.004055   0.04612         6       320    0.9953         1    0.9951    0.7797   0.02532  0.005973  0.003128
   487/499        0G   0.02923   0.01193  0.004521   0.04568        12       320    0.9953         1    0.9951    0.7797   0.02532  0.005973  0.003128
   488/499        0G   0.02749   0.01025   0.00389   0.04163         7       320    0.9953         1    0.9951    0.7173   0.02339  0.005977  0.003119
   489/499        0G   0.03255  0.008594  0.004908   0.04605         7       320    0.9953         1    0.9951    0.7173   0.02339  0.005977  0.003119
   490/499        0G   0.02889  0.009654  0.004077   0.04262         6       320    0.9956         1    0.9951    0.7782   0.02214  0.005988  0.003061
   491/499        0G   0.02627  0.008638   0.00493   0.03984         4       320    0.9956         1    0.9951    0.7782   0.02214  0.005988  0.003061
   492/499        0G   0.02788  0.009843  0.003767   0.04149         6       320    0.9966         1    0.9951    0.7183   0.02627  0.005938  0.003017
   493/499        0G   0.02962   0.01269  0.004731   0.04704         9       320    0.9966         1    0.9951    0.7183   0.02627  0.005938  0.003017
   494/499        0G   0.03168   0.01342  0.006028   0.05112        14       320    0.9968         1    0.9951    0.7486   0.02146  0.005857  0.003016
   495/499        0G   0.03244   0.01065  0.005299   0.04838        10       320    0.9968         1    0.9951    0.7486   0.02146  0.005857  0.003016
   496/499        0G     0.031   0.01071  0.006933   0.04864         8       320     0.997         1    0.9951     0.748   0.02211  0.005907  0.003017
   497/499        0G   0.02955   0.01232  0.005581   0.04744        11       320     0.997         1    0.9951     0.748   0.02211  0.005907  0.003017
   498/499        0G    0.0257  0.008207  0.007932   0.04184         4       320    0.9972         1    0.9952    0.7762   0.01885  0.005786  0.003006
   499/499        0G   0.02837   0.01018  0.004837   0.04339         7       320    0.9972         1    0.9952    0.7762   0.01885  0.005786  0.003006
